{"cells":[{"cell_type":"code","source":["sc"],"metadata":{"application/vnd.databricks.v1+cell":{"title":"","showTitle":false,"inputWidgets":{},"nuid":"0c3dafd0-f148-4c9f-a490-ada4eb82ecea"}},"outputs":[{"output_type":"display_data","metadata":{"application/vnd.databricks.v1+output":{"datasetInfos":[],"data":"\n        <div>\n            <p><b>SparkContext</b></p>\n\n            <p><a href=\"/?o=2292648410514557#setting/sparkui/1130-215806-e3miiz27/driver-9190001547348349538\">Spark UI</a></p>\n\n            <dl>\n              <dt>Version</dt>\n                <dd><code>v3.1.2</code></dd>\n              <dt>Master</dt>\n                <dd><code>local[8]</code></dd>\n              <dt>AppName</dt>\n                <dd><code>Databricks Shell</code></dd>\n            </dl>\n        </div>\n        ","textData":null,"removedWidgets":[],"addedWidgets":{},"metadata":{},"type":"htmlSandbox","arguments":{}}},"output_type":"display_data","data":{"text/html":["\n        <div>\n            <p><b>SparkContext</b></p>\n\n            <p><a href=\"/?o=2292648410514557#setting/sparkui/1130-215806-e3miiz27/driver-9190001547348349538\">Spark UI</a></p>\n\n            <dl>\n              <dt>Version</dt>\n                <dd><code>v3.1.2</code></dd>\n              <dt>Master</dt>\n                <dd><code>local[8]</code></dd>\n              <dt>AppName</dt>\n                <dd><code>Databricks Shell</code></dd>\n            </dl>\n        </div>\n        "]},"transient":null}],"execution_count":0},{"cell_type":"code","source":["#Importing the required libraries\n\nspark.conf.set(\"spark.sql.legacy.timeParserPolicy\",\"LEGACY\")\nfrom pyspark.sql.functions import datediff,date_format,to_date,to_timestamp\nfrom pyspark.sql import SparkSession\nfrom pyspark.ml.feature import VectorAssembler,StringIndexer,OneHotEncoder\nfrom pyspark.ml import Pipeline\n\n#Table Creation\ndf = spark.read.csv('/FileStore/tables/heartstroke.csv',inferSchema=True,header=True)\ndf.createOrReplaceTempView(\"heartstroke\")\n\n#Displaying the data\ndisplay(df)"],"metadata":{"application/vnd.databricks.v1+cell":{"title":"","showTitle":false,"inputWidgets":{},"nuid":"eee960e8-c3d9-4f6b-b7f7-206ba4a8f101"}},"outputs":[],"execution_count":0},{"cell_type":"code","source":["#Feature Engineering\n\nfrom pyspark.sql.functions import *\ndf=df.withColumn(\"gender\", when(col(\"gender\") == 'Male',1)\n      .otherwise(0))"],"metadata":{"application/vnd.databricks.v1+cell":{"title":"","showTitle":false,"inputWidgets":{},"nuid":"893a3a60-4f71-4cb8-b68a-55281341e9c7"}},"outputs":[],"execution_count":0},{"cell_type":"code","source":["df=df.withColumn(\"ever_married\", when(col(\"ever_married\") == 'Yes',1)\n      .otherwise(0))"],"metadata":{"application/vnd.databricks.v1+cell":{"title":"","showTitle":false,"inputWidgets":{},"nuid":"404d6626-ff01-4f02-8683-d8c393f948fb"}},"outputs":[],"execution_count":0},{"cell_type":"code","source":["df=df.withColumn(\"Residence_type\", when(col(\"Residence_type\") == 'Urban',1)\n      .otherwise(0))"],"metadata":{"application/vnd.databricks.v1+cell":{"title":"","showTitle":false,"inputWidgets":{},"nuid":"aceefeef-a1f3-4ace-b2fb-e036c4bc1076"}},"outputs":[],"execution_count":0},{"cell_type":"code","source":["#Creating a new feature\n\ndf=df.withColumn(\"bmi_cat\", when((col(\"bmi\") <= 18.5), \"Underweight\")\n                           .when(((col(\"bmi\") <= 25) & (col(\"bmi\") > 18.5)), \"Healthy\")\n                           .when(((col(\"bmi\") <= 30) & (col(\"bmi\") > 25)), \"Overweight\")\n                           .when((col(\"bmi\") > 30), \"Obese\")\n                           .otherwise(0))"],"metadata":{"application/vnd.databricks.v1+cell":{"title":"","showTitle":false,"inputWidgets":{},"nuid":"bfc162da-dbc2-4dc2-93b5-440a9a046fc8"}},"outputs":[],"execution_count":0},{"cell_type":"code","source":["#Correlation Matrix\n\nfrom pyspark.ml.stat import Correlation\nVariables_corr= ['gender', 'age',\n'hypertension','heart_disease','ever_married','Residence_type','avg_glucose_level','stroke']\nassembler2 = VectorAssembler(inputCols=Variables_corr,outputCol=\"features\")\noutput = assembler2.transform(df)\nr1 = Correlation.corr(output, \"features\")\ncor_np = r1.collect()[0][r1.columns[0]].toArray()\ncor_np"],"metadata":{"application/vnd.databricks.v1+cell":{"title":"","showTitle":false,"inputWidgets":{},"nuid":"abc46b3f-a77c-498f-a5fe-aad4997680bb"}},"outputs":[{"output_type":"display_data","metadata":{"application/vnd.databricks.v1+output":{"datasetInfos":[],"data":"Out[8]: array([[ 1.00000000e+00,  4.19614414e-02,  3.79345990e-02,\n         9.79962366e-02,  2.60651098e-02,  4.96382757e-03,\n         5.40051863e-02,  1.38904202e-02],\n       [ 4.19614414e-02,  1.00000000e+00,  2.59527834e-01,\n         2.51818656e-01,  5.46996109e-01,  4.04437054e-03,\n         2.30682361e-01,  1.59837655e-01],\n       [ 3.79345990e-02,  2.59527834e-01,  1.00000000e+00,\n         1.14956673e-01,  1.33258377e-01, -4.42745033e-03,\n         1.54701702e-01,  7.33097919e-02],\n       [ 9.79962366e-02,  2.51818656e-01,  1.14956673e-01,\n         1.00000000e+00,  9.82293320e-02, -5.82829159e-04,\n         1.39448985e-01,  1.07007033e-01],\n       [ 2.60651098e-02,  5.46996109e-01,  1.33258377e-01,\n         9.82293320e-02,  1.00000000e+00,  4.99020437e-03,\n         1.20160883e-01,  5.16657588e-02],\n       [ 4.96382757e-03,  4.04437054e-03, -4.42745033e-03,\n        -5.82829159e-04,  4.99020437e-03,  1.00000000e+00,\n        -1.36061511e-03,  2.06375877e-03],\n       [ 5.40051863e-02,  2.30682361e-01,  1.54701702e-01,\n         1.39448985e-01,  1.20160883e-01, -1.36061511e-03,\n         1.00000000e+00,  7.72055759e-02],\n       [ 1.38904202e-02,  1.59837655e-01,  7.33097919e-02,\n         1.07007033e-01,  5.16657588e-02,  2.06375877e-03,\n         7.72055759e-02,  1.00000000e+00]])","removedWidgets":[],"addedWidgets":{},"metadata":{},"type":"ansi","arguments":{}}},"output_type":"display_data","data":{"text/plain":["Out[8]: array([[ 1.00000000e+00,  4.19614414e-02,  3.79345990e-02,\n         9.79962366e-02,  2.60651098e-02,  4.96382757e-03,\n         5.40051863e-02,  1.38904202e-02],\n       [ 4.19614414e-02,  1.00000000e+00,  2.59527834e-01,\n         2.51818656e-01,  5.46996109e-01,  4.04437054e-03,\n         2.30682361e-01,  1.59837655e-01],\n       [ 3.79345990e-02,  2.59527834e-01,  1.00000000e+00,\n         1.14956673e-01,  1.33258377e-01, -4.42745033e-03,\n         1.54701702e-01,  7.33097919e-02],\n       [ 9.79962366e-02,  2.51818656e-01,  1.14956673e-01,\n         1.00000000e+00,  9.82293320e-02, -5.82829159e-04,\n         1.39448985e-01,  1.07007033e-01],\n       [ 2.60651098e-02,  5.46996109e-01,  1.33258377e-01,\n         9.82293320e-02,  1.00000000e+00,  4.99020437e-03,\n         1.20160883e-01,  5.16657588e-02],\n       [ 4.96382757e-03,  4.04437054e-03, -4.42745033e-03,\n        -5.82829159e-04,  4.99020437e-03,  1.00000000e+00,\n        -1.36061511e-03,  2.06375877e-03],\n       [ 5.40051863e-02,  2.30682361e-01,  1.54701702e-01,\n         1.39448985e-01,  1.20160883e-01, -1.36061511e-03,\n         1.00000000e+00,  7.72055759e-02],\n       [ 1.38904202e-02,  1.59837655e-01,  7.33097919e-02,\n         1.07007033e-01,  5.16657588e-02,  2.06375877e-03,\n         7.72055759e-02,  1.00000000e+00]])"]},"transient":null}],"execution_count":0},{"cell_type":"code","source":["#Displaying the data after preprocessing\n\ndisplay(df)"],"metadata":{"application/vnd.databricks.v1+cell":{"title":"","showTitle":false,"inputWidgets":{},"nuid":"0b69f4f9-3e89-4a76-9fac-15083c36a798"}},"outputs":[],"execution_count":0},{"cell_type":"code","source":["df.schema"],"metadata":{"application/vnd.databricks.v1+cell":{"title":"","showTitle":false,"inputWidgets":{},"nuid":"a32d1673-093c-43d6-8561-6fef7f1f5a81"}},"outputs":[{"output_type":"display_data","metadata":{"application/vnd.databricks.v1+output":{"datasetInfos":[],"data":"Out[10]: StructType(List(StructField(id,IntegerType,true),StructField(gender,IntegerType,false),StructField(age,IntegerType,true),StructField(hypertension,IntegerType,true),StructField(heart_disease,IntegerType,true),StructField(ever_married,IntegerType,false),StructField(work_type,StringType,true),StructField(Residence_type,IntegerType,false),StructField(avg_glucose_level,DoubleType,true),StructField(bmi,DoubleType,true),StructField(smoking_status,StringType,true),StructField(stroke,IntegerType,true),StructField(bmi_cat,StringType,false)))","removedWidgets":[],"addedWidgets":{},"metadata":{},"type":"ansi","arguments":{}}},"output_type":"display_data","data":{"text/plain":["Out[10]: StructType(List(StructField(id,IntegerType,true),StructField(gender,IntegerType,false),StructField(age,IntegerType,true),StructField(hypertension,IntegerType,true),StructField(heart_disease,IntegerType,true),StructField(ever_married,IntegerType,false),StructField(work_type,StringType,true),StructField(Residence_type,IntegerType,false),StructField(avg_glucose_level,DoubleType,true),StructField(bmi,DoubleType,true),StructField(smoking_status,StringType,true),StructField(stroke,IntegerType,true),StructField(bmi_cat,StringType,false)))"]},"transient":null}],"execution_count":0},{"cell_type":"code","source":["# Removing the NA values\n\ndf = df.dropna()"],"metadata":{"application/vnd.databricks.v1+cell":{"title":"","showTitle":false,"inputWidgets":{},"nuid":"336ec282-1c2d-40d7-af6b-4516de09d82e"}},"outputs":[],"execution_count":0},{"cell_type":"code","source":["#Splitting the data into train and test data\n\n\ntrain_data,test_data=df.randomSplit([0.8,0.2],seed=1234)"],"metadata":{"application/vnd.databricks.v1+cell":{"title":"","showTitle":false,"inputWidgets":{},"nuid":"e6e85c39-7e7d-4ba7-8e99-9c006916b1b3"}},"outputs":[],"execution_count":0},{"cell_type":"code","source":["#Oversampling\n\nx=train_data.drop('stroke')\ny=train_data['stroke']\n\ntrain_0=train_data[train_data['stroke']==0];\ntrain_1=train_data[train_data['stroke']==1];\ntrain_0.count(),train_1.count()\ndf_class1=train_1.sample(withReplacement=True, fraction=train_0.count()/train_1.count(),seed=1234)\ntrain_data=train_0.union(df_class1)"],"metadata":{"application/vnd.databricks.v1+cell":{"title":"","showTitle":false,"inputWidgets":{},"nuid":"167d8931-7743-49e0-931e-013491245670"}},"outputs":[],"execution_count":0},{"cell_type":"code","source":["#String Indexer\n\nwork_type_Indexer = StringIndexer(inputCol='work_type',outputCol='work_type_index',handleInvalid='keep')\nsmoking_status_Indexer = StringIndexer(inputCol='smoking_status',outputCol='smoking_status_index',handleInvalid='keep')\nbmi_cat_Indexer = StringIndexer(inputCol='bmi_cat',outputCol='bmi_cat_index',handleInvalid='keep')"],"metadata":{"application/vnd.databricks.v1+cell":{"title":"","showTitle":false,"inputWidgets":{},"nuid":"90e8b63f-1be3-4823-b1c0-d66413720185"}},"outputs":[],"execution_count":0},{"cell_type":"code","source":["# Performing onehotencoding on the above features\n\ndata_encoder = OneHotEncoder(inputCols=['work_type_index','smoking_status_index','bmi_cat_index'],\n                                      outputCols=['work_type_vec','smoking_status_vec','bmi_cat_ved'],\n                                      handleInvalid='keep')"],"metadata":{"application/vnd.databricks.v1+cell":{"title":"","showTitle":false,"inputWidgets":{},"nuid":"3c9486a4-5dca-4379-8e23-fb5282b374b3"}},"outputs":[],"execution_count":0},{"cell_type":"code","source":["assembler = VectorAssembler(inputCols=['gender','age','hypertension','heart_disease','ever_married','Residence_type','avg_glucose_level'],\n                            outputCol=\"features\")"],"metadata":{"application/vnd.databricks.v1+cell":{"title":"","showTitle":false,"inputWidgets":{},"nuid":"a9acac99-e866-4952-a893-2ccec0c2f9f3"}},"outputs":[],"execution_count":0},{"cell_type":"code","source":["#Model Creation\n\nfrom pyspark.ml.evaluation import MulticlassClassificationEvaluator\nfrom pyspark.ml.classification import GBTClassifier\nfor i in range(6,15):\n  gbt_model = GBTClassifier(labelCol='stroke',maxDepth=i, maxBins=32)\n  pipe = Pipeline(stages=[work_type_Indexer,smoking_status_Indexer,bmi_cat_Indexer,data_encoder,assembler,gbt_model])\n  fit_model=pipe.fit(train_data)\n  results = fit_model.transform(test_data)\n  #Accuracy\n  ACC_evaluator = MulticlassClassificationEvaluator(labelCol=\"stroke\", predictionCol=\"prediction\", metricName=\"accuracy\")\n  accuracy = ACC_evaluator.evaluate(results)\n  print(\"The accuracy of the model is {}\".format(accuracy))"],"metadata":{"application/vnd.databricks.v1+cell":{"title":"","showTitle":false,"inputWidgets":{},"nuid":"9bed265a-bd1d-4b47-826b-3de498e0a40e"}},"outputs":[{"output_type":"display_data","metadata":{"application/vnd.databricks.v1+output":{"datasetInfos":[],"data":"The accuracy of the model is 0.775918578575125\nThe accuracy of the model is 0.7948939106434363\nThe accuracy of the model is 0.825426944971537\nThe accuracy of the model is 0.8481973434535104\nThe accuracy of the model is 0.8720027600483008\nThe accuracy of the model is 0.8978782128687252\nThe accuracy of the model is 0.91219596342936\nThe accuracy of the model is 0.9222011385199241\nThe accuracy of the model is 0.9316888045540797\n","removedWidgets":[],"addedWidgets":{},"metadata":{},"type":"ansi","arguments":{}}},"output_type":"display_data","data":{"text/plain":["The accuracy of the model is 0.775918578575125\nThe accuracy of the model is 0.7948939106434363\nThe accuracy of the model is 0.825426944971537\nThe accuracy of the model is 0.8481973434535104\nThe accuracy of the model is 0.8720027600483008\nThe accuracy of the model is 0.8978782128687252\nThe accuracy of the model is 0.91219596342936\nThe accuracy of the model is 0.9222011385199241\nThe accuracy of the model is 0.9316888045540797\n"]},"transient":null}],"execution_count":0},{"cell_type":"code","source":["#Confusion Matrix\n\nfrom sklearn.metrics import confusion_matrix\ny_true = results.select(\"stroke\")\ny_true = y_true.toPandas()\n \ny_pred = results.select(\"prediction\")\ny_pred = y_pred.toPandas()\n \ncnf_matrix = confusion_matrix(y_true, y_pred)\nprint(\"Below is the confusion matrix \\n {}\".format(cnf_matrix))"],"metadata":{"application/vnd.databricks.v1+cell":{"title":"","showTitle":false,"inputWidgets":{},"nuid":"e5197b8a-6258-4877-b97e-9ad468202cb9"}},"outputs":[{"output_type":"display_data","metadata":{"application/vnd.databricks.v1+output":{"datasetInfos":[],"data":"Below is the confusion matrix \n [[5382  291]\n [ 105   19]]\n","removedWidgets":[],"addedWidgets":{},"metadata":{},"type":"ansi","arguments":{}}},"output_type":"display_data","data":{"text/plain":["Below is the confusion matrix \n [[5382  291]\n [ 105   19]]\n"]},"transient":null}],"execution_count":0}],"metadata":{"application/vnd.databricks.v1+notebook":{"notebookName":"BD_HeartStroke_GradientBoostingTree","dashboards":[],"notebookMetadata":{"pythonIndentUnit":2},"language":"python","widgets":{},"notebookOrigID":671727928359649}},"nbformat":4,"nbformat_minor":0}
